100
1774674834521050715 4824772291200940020 1824602828040054769 4055202437519528644 3430082981836590695 1707216458238431786 5072353936196712127 5207628156870414574 1310441542565376575 351264516872055059
9 3 7
9 10 5 7
1 4 6 7 8 9 10
9 3 7
2 7 8 9 10
9 3 7
1 2 3 4 5 6 8 9 10
9 3 5 7
1 2 3 4 5 6 7 8 10
2 3 5 7 9
2234838316767663619 6470533818630642528 5717810244251229703 1485687336690942968 1371992270074863006 7483609612112244591 5195509866452306741 2498944984233980053 7688206118538932039 6235811052955569991
2 4 5 7
1 3 4 5 6 7 8 9 10
9 2 6 10
1 2 5 6 7 10
1 2 4 7 8 10
9 2 3 4
1 2 4 5 8 9
2 5 7 10
2 3 6 7 10
2 3 4 5 8 9
1185476176455163369 4783090002141098185 2778159981221211835 1883262011663916890 8143565568152740763 7811875241798605398 6781214828697948191 8427545173060677176 3118396076599791565 1199619996971478856
3 5 6 7 9 10
3 6 7 8 9 10
1 2 4 5 6 7 8 9 10
9 3 7 8
1 9 3
1 2 3 9
1 2 3 4 8 9 10
2 3 4 7 9
1 2 3 4 5 6 7 8 10
1 2 3 7 9
1009889069814228191 6432754382222524502 1768860149767329322 3174900936924542945 6961665798473608526 7891040229961834567 919071072000977123 2104988564574392792 8883443733023031658 1091433113375392623
9 5
9 4 7 8
5 7
2 5 10 8
1 3 4 6 8 9
10 5
9 2 3
2 4 5 10
1 2 5 7 10
9 4 6 8
3010467058409367656 1344794008253437849 7132473481998549659 2137912405215508793 7003599309662184471 3494646779791064089 882592357203901049 7987704930526248332 5244258867645491242 3733360762041309899
3 6
9 4 6
1 4 5 6
2 3 5 6 7 8 10
3 4 6 7
1 2 3 4 5 7 8
10 4 5 6
4 6
2 10
9 4 7
7455847237476464091 21835220512299701 6468484022630132161 8496818698114615907 2133216983982637521 7943557380255355894 7523951726871830401 3557365546260170398 1209973649025509420 6075833108578353300
10 5 6
4 5 6
4 5 6 7
2 3 5 7
1 2 3 4 8
9 1 3 2
9 3 4 8
5 7
10 6 7
9 1
3605383528997935761 1788924480446130188 8962364337341720216 584355291754686005 1992435636855750549 40650420523139683 3370957610588622330 1659346631042034092 2353896604532789578 2148049019976246399
10 3 2 8
1 4 6 7
1 10 6 8
2 5 6 7 9
4 7 8 9 10
2 3 4 7 8
2 4 5 6 10
1 3 5 6
10 4 5
1 3 5 7 9
3610395702014816041 7321050419873941262 6575600767206116388 3892422528747546406 649844639508588964 7619882944487068088 2920679802585902353 1087017497980399731 1661206137376860938 3206697718835386340
9 2 3 6
1 3 5 8
1 2 6 7 8 9
5
9 2 4 6
1 3 5 7 9
10 3 6 8
9 2 3 7
1 3 5 6 8 10
9 7
3729403423970129897 7003036209410238431 3123277603305473287 1542444274153192265 6035664872205693447 3649524672425686154 8156926012134422039 8306533265963283476 3809209192717471191 3110204034483372302
6
9 4 5 7
10 5
9 2 7
9 2 3
1 10 7
2 4 6 8
9 7
2 4 5 8
3 6
1255682779471926265 5770724534600060313 4926477111803805929 4916961372812142000 6045619894121761938 869690725017731116 4923284325066225136 2118296788333718203 783946114310904122 297745369832038288
2 3 4 5
1 3 4 5 6 7 8 9 10
1 2 4 6 8
1 2 3 5 6 10
1 2 4 7
9 2 3 4
2 5 8
9 2 3 7
2 6 8
2 4
1129486882367454159 3649983630718736886 6898171440109307190 3337446630884652522 4588738896522832213 4978839224925378770 3615160637536264717 3000045506798670878 1737700211278975300 4956694791948112022
10 4 5
6
9 6 7
1 9 8
1 9
2 3 7 8
9 3 6 8
10 4 6 7
3 4 5 7
1 8
785692367608410168 8966728879314126749 1247668614695571039 3764443205612417792 4878384919499706983 6857308612693741667 216040436562652199 4160127338262752530 4510680146168109861 7644807066272452434
10 3 8
3 8
1 2 5 8 10
9 10 5
3 4 7 9 10
7 8
5 6 8
1 2 3 6 7 9 10
10 4 5 8
1 3 4 5 8 9
5186883220531602007 4069236828161510649 5560965979779627092 2724913899577492414 301529943912007124 7999703589750162915 1442616879115425882 12769566220480963 2637751240162674416 4688990727343337381
9 10 7
10 3 4
2 4
2 3 5 6 7 9
10 4 6 7
4 5 7 8 10
1 4 5 6 8 9
10 6 7
1 10 4 7
1 2 5 6 8 9
8032133472724305060 3757778425243094566 817346855717776640 4779469797509073392 2508301043736193426 8421656632184207375 2897786505474528286 4664158135497286410 7114117875361857095 8352788130348486514
2 3 4 5 6 7 9 10
1 4 5 6 7 8 10
1 9 4 6
1 2 3 5 6 8 10
1 2 4 6
1 2 3 4 5 8 9
1 2
2 4 6
1 3 6
1 2 4
6703939262265073360 731312268122066755 5085892700829745868 7748921338017740089 7981761523055683822 4851428298540527046 5566062870761562902 8624684726766029606 3914668845485702755 82434493668608114
9 7
9 3 7 8
2 5 7
5 6 7 8 9 10
3 4 6 8 9 10
4 5 7
1 2 3 4 6 8 10
2 4 5 7 10
1 2 4 5
4 5 7 8
5614349114746486028 5567284155336947931 7902057408378550635 8545544564871174319 468855667691269837 1417204481723345005 8158798204698037225 4344454614417739746 804158549615494517 6594735761581874457
9 6
3 5 7 9 10
9 2 5 6
9 5 8
2 3 4 6 9 10
1 3 5 8 9
9 2 10
9 4 6
1 2 3 4 5 6 7 8 10
9 2 5 7
8301302913449589061 5047171164436900973 2778223561481603826 4797438950801205946 5108016860090662089 3095216032948459120 7384722721450578355 8798260765536403147 2326803718160552157 4220587892057097252
10 3 5
10 6
1 5 7
9 5
1 3 4 6 8 9
2 5 8
9 10 3
5 6
4 5 7
1 2 7
2903999517070520478 4529147615494628691 5560338324553524804 8605031313283958022 4910047679523019019 976499589813602845 1723087738448822296 4254164749384091495 8245105970712774760 4431654765468192670
10 5
5 6 8 9 10
10 6 8
10 8
1 2
2 3 10
9 10
2 3 4
10 7 2
1 2 3 4 6 7 9
4462679394741924229 3682347172012302214 7016720940583944434 8331574493180652301 8317144679943517878 6197127956679151689 2463537900208288057 8142202491904901286 8786814249342871703 427982125051602153
2 6 7 8 9 10
1 10 7
4 5 6 7 8
9 3 5 6
3 4 6 8 10
1 3 4 5 7 8 9 10
1 2 3 6 9 10
1 3 5 6 10
1 4 6 7 10
1 2 5 6 7 8 9
5613375726444532906 424289819930562091 6991193117974001342 4136587889197136055 1076485124232978037 3359224892135742430 3658875346987710181 7952127191207016686 6644017052771820109 8788764946399353517
10 4 6 2
1 3 4 5 6 7 8 9 10
2 5 8
1 2 5 9 10
2 3 4 8
1 2
9 2 10
2 3 5
2 4 7
1 2 4 7
8098691056783834971 7824676548354913155 12819188095201796 822527595539578351 563286474471109819 6958885306547526570 3591081816442177599 3612480543535933553 7309079190013982459 2502937454788218804
4 5 7 8 9
9 7
4 7 8
1 3 7 8
1 6 8 9 10
5 8
1 2 3 4 8 9
1 3 4 5 6 7 9
1 2 5 7 8
5
8860750051663703497 8906440001445126287 3336096629091142815 4550652819202546072 1271000255180543004 2141977021158953068 487529067735995570 3392761975414310600 3351517786618222240 1743991610846131096
2 3 5 7 9
1 5 7 8 9
1 5 7 9 10
10 5 7
1 2 3 4 6 7 8 9 10
9 10 5
1 2 3 4 5 8 9
9 2 5 7
1 2 3 5 6 7 8 10
3 4 5 6 9
4232620303621502829 8894899279833703167 6862139694157455516 3097770337070629636 1628014171990733936 8592135714390064574 3462694854870748559 3466186704096911077 1313155376827840984 2977221591539616905
3
10 5
1 10 7
9 10 5 8
2 4 7
9 10
3 5
10 4
10 4 6
2 3 4 6 8 9
1924546179992984430 2344998661443480912 3608384855542784185 6268074400880750283 7572745579551777892 4549522011313865594 2259803476347995094 3844908563913220233 7916909984493126169 8048002123553207740
4 5 7
9 4 5 7
9 10 4
1 2 3 5 6 7 9 10
1 2 4 7 8 10
9 4 7 8
1 2 4 5 6 8 9
10 5 6 7
2 3 4 6 7
3 4 5 8
4389684652216717524 1656607927420772539 5537215308511970459 1109074863091298228 1521133058390058545 7803190851663364329 2446523007178547800 2462576179122506652 3507729479894403629 2880622098435221953
9 2 10 8
1 5 7
9 7 8
9 6 8
9 2 10 8
9 10 4
2 3 8
1 3 4 5 7 9 10
1 3 4 5 6 8 10
1 5 6 8 9
3821404505025036784 1013022790557669125 4958416191354382790 2315123667824126842 889658370039877210 2446205529871012655 2784057913220952058 6305053510210811979 1464018921907190608 1912821992892736291
3 5
10 5 6
1 4 6 8 9
9 3 7
1 2 6 8 9
2 3 5 7 9 10
9 4 6
3 5
3 4 5 6 7
2 6
5083133790847084046 1497887730985009815 7937931246299177643 265905418802674571 3724564135344709583 2733825797476286093 5107905767256898958 7178136826167006294 8751084860684172811 3388909228735424144
2 3 4 5 6 7 8 9 10
1 3 4 5 7 8
1 2 5 7 8
1 2 6 7 10
1 2 3 7
1 4 7
1 2 3 4 5 6 8 9 10
1 2 3 7 9 10
1 10 7 8
1 4 7 8 9
5065930426352296317 6583839830835176715 8246380679438758456 5425948700989344985 4771459827877895514 4027305975331763310 5154759165590639182 8664203696176697694 8808879512742946473 857727425050815234
9 7
9 3 5 7
2 4 5 6 7 10
9 3 7 8
9 2 3 10
9 3 8
1 2 3 4
10 4 6
1 2 4 5 6
3 5 8
2441642500617940979 8147070347657419827 3551423735430162956 83573872179758165 6467995275416689957 8914628847557915905 2276028117518563167 4354682097072932492 35057526947745097 7743211476635295485
2 3 4 6 8
1 4
1 4 8
1 2 3 5 7 8 9 10
9 4
9 1 7
10 4 6 8
1 3 4 7 9
4 5 6 8 10
9 4 7
7315312459196647776 2606765973946483735 110756621998131378 5933262399596655522 3994048777656540688 4207283880964214549 1604356297949087690 7653547964471313101 2867432650162716479 1291400644834022466
4 8
3 5 6
9 2 4
1 3 7
2 8
9 2 7
9 4 6
1 10 5
10 3 6 7
9 8
5168650999709342086 3986499523530707289 703806703932371725 7814053740223552876 6714782755838697248 8366326204664166027 2970909193122918974 4562023665936402702 1932342016392511640 4278883903285150156
9 8
4 5 7 8 9
9 10 4 5
9 2 3 5
2 3 4 7 8 9
10 7 8
2 5 6 8 10
1 2 5 6 7 9
1 2 3 4 5 8 10
9 3 6 7
2857477796664769726 2852160169468025268 7651732401329166485 4896269253449776909 7672705794643739609 2326225034645203548 3044813763005492550 6274359595947844626 4023751261055918850 2708707988835039930
4 5
9 3 4 8
2 4 5 10
1 2 3 5 7 8 10
1 3 4 9 10
9
10 4
9 2 4
2 5 6 8
3 4 5 7
5144967827618931597 8513113062235036190 4162722448398328838 4929463128783628349 5977471615049266307 3116023788887999529 2800628346045082376 1743179415797194586 12949249243603918 7871438566631017987
2 5 8 9 10
1 6 7 8 9
9 10 4 7
9 10 3 7
1 10 6
2 5
2 3 4 9 10
1 2
1 2 3 4 7
1 3 4 5 7
5729848765300593687 7470419979453083649 1454216711595811228 4398197298485466574 5946495346887615904 6253319255438884161 518250183776280589 3532575034339002498 8755946771397072499 1165396021001224863
2 3 6
1 3 5 7 9 10
1 2 4 7 10
9 3 5 6
2 4 7 10
1 4 7 8 9 10
2 3 5 6 10
9 10 6
2 4 6 8 10
2 3 5 6 7 8 9
7056865779587320330 4796009972476245226 31369194144499838 6253267795830087622 359009821994391933 4852606136515896186 414291070419943738 7074275071287864520 4428804239553788229 5291606077422345662
10 3 6 8
10 8
1 5 6 7 8 10
7 8
3 6 8
1 3 5 7 8 9
3 4 6 8
1 2 3 4 5 6 7 9
6 8
1 2 3
5116700584053618881 8282213991671054410 7680434984290581401 3747977606419531262 1682103914945757856 6795550618391692894 221116982031106362 4446843118012214059 3329260563003208506 5032501144035316146
9 4 7
3 5 7 8 9
9 2 6 8
1 9 5 10
9 2 4 7
9 10 3
1 2 5 8
9 2 3 7
1 2 3 4 5 6 8 10
9 4 6
3075865281507361523 5761193917635218713 1484560218105707468 990143723323792961 1950870456540294112 54156117374727842 2267772880164387987 6218336882382786292 4371546922218082789 6723845881022545460
2 7 8
1 5
10 4
3
2 6 10
5
1 9 8
1 9 7
10 7 8
9 3 5
5002692552945166667 4057806689397256943 5736937298474113987 807980571355771809 3553554383732794904 4215468956359423146 8005597716706590007 2383657553524656934 1358765423243452138 1482337072833484077
9 4 6 7
9 4
9 10 4 8
1 2 3 6 7 8 9 10
9 6
1 4 5 8 9 10
1 9 4 8
3 4 6 7 10
1 2 3 4 5 6 7
3 4 6 8
3911249230206493685 5331227347166729024 5990295739192992326 4380046063836410509 1299655343525397656 1976820655183265189 75721911699400288 6079867604921989842 8644745146356774123 949298167305905525
9 2 7 8
1 10 3
2 6
9
9 10 6 7
9 3 5 7
1 5 6 8 9
1 10 7
1 4 5 6 7
2 5 8
3120547488712357213 6994143106851507745 2866537702362204808 5132099012821735644 8897623625146761275 1207525814559626033 2190587617201382152 3161193009781367195 2760204268586411492 8597965348891987724
2 3 6 7 8
1 3 5 7 8 9 10
1 2 4 10
3 6 7
2 6 7
1 9 4 5
1 2 4 5 8 9
1 2 7
2 6 7 10
9 2 3
6249497708232898501 1602160068796672058 8359740449933475720 2960648264334261952 7904554711436258660 2482815158509295195 3158728593322471796 6187433003534673326 3114994252242971564 2719668222387180159
5
3 6 7 8
9 2 4 5
9 3 5 8
1 3 4 6 7 8 9
2 5
2 5
2 4 5 10
3 4 5
8
5848544373579590620 253448321138798837 1637309262071348954 1223077570969089422 6303081736763325677 8441843127888467941 2305530395630466508 376417795684838064 6160071841253018690 262055069877110610
9 6
5 7
9 4 8
3 6 8
2 6 7 8
1 4 5 8 10
2 5 8
3 4 5 6 7 10
1 3
6 8
5657252998446112974 6558448632379949755 8327525982824075852 4962531787925390634 4144290403702877151 8371733383175165832 2575370470974060217 8450389601037589356 7954671307966625020 6383550426844908363
10 6 7 2
1 3 4 6 7 8
2 4 5 8
2 3 8 9 10
9 3 6
1 2 5 7 8 9 10
1 2 6
2 3 4 6
10 4 5 6
1 9 4 6
844588760725409077 2727579997030414592 668651318730998954 5351466459843172421 6792784311179883932 6756892682854783882 8644982718773326330 4108309305058320095 8396176250865903709 1966888691050669861
5
10 7
9 4 7
3 5 7 8
1 4 7
9 7
2 3 4 5 6 8 9 10
4 7
3 6 7
2 7
5321318015783708358 4111570307370869432 8360404474348772786 2915092500816160408 2287317513452441770 14373176967653842 8316014270249177809 8605047968491928958 2636727479452457615 6462650144526995273
2
1 9
9 4 6
9 10 3 8
9 7
9 10 3 8
9 10 5
4 6
2 3 4 5 6 7
4 6 7
4611694509629123997 3174213450901084175 7781292839389978732 1257475331052479541 8705464969648429626 3246049549906621001 3439592432160743184 1684379521126898957 5782181714022136483 5170194569228428276
3 4 7 8
9 5 6
1 7
1 9 6
2 10
2 4 7 8 10
1 3 6 8 10
1 6 7
2 4
5 6 7
7308783474557018427 7887659908959580762 6194256412617530381 239825530019797484 8240524243164969602 949548543029259105 1208557961519957305 2476785169521259320 1023022066862060367 2702082371581358542
4 5 6 7 9
10 4 5 8
4 6 8 9 10
1 2 3 5 7 9 10
1 2 4 9
1 9 3
1 9 4
2 3
1 3 4 5 6 7 10
9 2 3 4
7648689869749659104 4229314471442662243 5931411427738127725 1877015570491554289 8397321392002002110 8641961609509373180 2560160632908250368 7981646343290089589 7808579763347823128 1862399908649779443
9 4 5 8
9 5 7
9 5 6
1 5 6 7 8 9
1 2 3 4 6 7 8 9 10
3 4 5 7
2 4 5 6 8
1 4 5 7 10
1 2 3 4 5 10
9 5 8
8421318103089434491 6031562330665891683 2405532300472134037 70718769173536499 1559790490984016057 2085827151441889211 2181189143599440931 3978743790700210961 104064562980496624 8900169067729397986
2 3 5 6 7
1 3 4 5 9
1 2 5 6 7 9 10
2 5 8
1 2 3 4 6 7 9 10
1 3 5 8 9 10
1 3 5 8 9
4 6 7 9 10
2 3 5 6 7 8 10
3 5 6 8 9
8797951117975250272 290730293846523407 1493798508306005313 3457184434479928761 3542677870215966701 3819262449996294594 8597168548480223689 2360655152760631782 8885403701502713387 2211817033666619710
10 5 7 8
9 7
4 6
3 6 8
1 9
3 4
1 2 10
1 10 4
2 5 10
1 9 7 8
2604618291577106946 29680182506842782 6223123766015825059 4585235603948255938 4206332695122845797 3042187937300925057 7334959709804644497 5627501516520240331 1177836770468158077 8646530971161103317
2 6
1 3 4 7
2 5 10
2 5 6 7 8
3 4 6 9 10
1 4 5 7
2 4 6
10 4
5
3 5 8
5612012199482664455 2542096433039741639 7834695631741941161 7131598862719758921 2101899158575003995 5410819751776265524 1064479454540222049 5303766966066052246 945379100738758313 7360325693015693912
9 2 6 8
1 4 5 6 7 8 9 10
4 6 8
2 3 6 8
2 6 7 8 9 10
1 2 3 4 5 7 8 9 10
2 5 6 8
1 2 3 4 5 6 7 10
1 2 5 6
2 5 6 8
1886342807935881235 5054521918436583822 777922422370623001 3497518016138425223 2655728662526297860 4976583361367693251 7363186232823991747 3219438818674230559 1624187041178174782 867040625804808913
2 5 6 10
1 3 5 6 7 8
2 4 5 6 8 9
9 3 5
1 2 3 4 6 10
1 2 3 5 7
9 2 6 10
2 3
3 4 7
1 5 7
6216434507000140518 8962423984624956663 4574610964588839964 7110109739082817142 1832228143664629314 4949511466437429710 8737120146173822591 6700827479499903063 7961388913665727285 6515746369955524949
2 3 5 10
1 3 4 5 6 7 8 9 10
1 2 5 6 7 8 10
2 5 10 8
1 2 3 4 6 7 8 9 10
2 3 5 8 10
2 3 5 8 10
2 3 4 5 6 7 9 10
2 5 10 8
1 2 3 4 5 6 7 8 9
5772885175215116553 5220101195982222846 436371784388494261 4795247576270629181 8287994152026111986 975694471505832886 985074288650784188 3634323012194485763 3428827771311824501 2035814058586233473
9 3 5 7
3 5
1 2 4 5 6 7 8 9 10
3 5
1 2 3 4 6 7 8 9 10
3 5 7
1 3 5 6 10
9 3 5
1 3 5 8
3 5 7
7640987877048136186 3122465535920577338 1113078818324928920 5694380997579977700 4863100074973022780 7037595450162681346 4709617652846588195 6185776068049704026 1478866802064910490 4823813848651521280
10
4 5 6
4
9 2 3
9 2 6 8
9 2 5
9
5
4 5 6 7 10
1 9
1968802027366552476 3206333659599674348 1632272957251014934 4920346833613807739 6231747610949506369 6714902572373740675 8558162321973960142 7550517019823337823 745517110500895954 7108545669559601725
4 6
9 8
10 5 6 7
1 6 8 9 10
3 6 7 8 9 10
1 3 4 5 7 8 9
3 5 6 9 10
2 4 5 6 9 10
2 4 5 6 7 8
3 4 5 7 8
1743703943279588111 510534793254264596 49035401361166654 8050921231326474988 4247151650335462779 5829630612239321723 6805536937322089564 1180562384624740613 6781102859617295666 7378060994372930324
2 3 5 6 9 10
1 5 7 9 10
1 4 5 6 8
9 3 5 6
1 2 3 4 6 7 10
1 3 4 5 7 9 10
2 5 6 10
9 10 3
1 2 4 6 8 10
1 2 5 6 7 8 9
5494413816430897062 2305826781703374096 3150535740298512124 2115479836410183801 3778013398401911401 8547963663625577508 5730971655022733850 6500794046858080292 1040347330463408023 8028475524099272195
4 6 7 9 10
9 10
9
1 10 6
9 10
1 4
1 10
9 10
1 2 3 5 8 10
1 2 4 5 7 8 9
4012118603197635285 7914753190845934101 6489776274940526791 497088392028626833 4553542073946200916 8793154537478502872 7230064178980788153 2761310876541509272 1205017123106014480 2385071473163242218
4 5 6 7
10
4
1 10 3 6
1 9 10 7
1 4 7
1 5 6 8 9 10
10 7
10 5 7
2 4 5 7 8 9
372172394692601654 6192715029532045915 6921749441352658716 6672673777805128571 4256278688310079699 6090914939651659777 4572423842161554881 8844006778006646524 8693523047585079683 8724325501410561458
10 3 5
10 7 8
1 9 5 8
6 7
1 9 3
10 4
2 4 10
2 3
10 3 5
1 2 6 7 9
7912748954136026317 5812589018863101378 8806917278723003180 1143682756248647899 7964241739202653457 2865935203490890549 801025455943689940 8364301450840901752 6791458157639202683 6487936227497739371
2 4 5 8 10
1 4 6 7 8 9 10
7
1 2 5 7 8 9
1 10 4 7
2 7 10
2 3 4 5 6 8 10
1 2 4 7 10
2 4
1 2 5 6 7 8
4574378410502238079 5848535806617613992 1049790812163819186 1540561284936951422 8740529319875708788 3833703424899293620 3032105073302705095 7507539177176261838 199940328764143575 6111502412330464761
3 4 7 8 9
3 4 5 7 8 9
1 2 4 5 6 7 8 9 10
1 2 3 5
2 3 4 6 9 10
3 5 7 8
1 2 3 6 9 10
1 2 3 6
1 2 3 5 7
3 5 7
4400813171735484006 5935022452472988827 3518375857615738670 7034253740299087231 7805370110672880710 3950828507843756569 279619860795720135 3612010496730834847 345510288316343055 2134058531043586553
9 3 4 6
3 4 5 6 8
1 2 4 5 6 8 9
1 2 3 7 8 9 10
2 3 10
1 2 3 8 9
10 4 8
2 3 4 6 7 9 10
1 3 4 6 8
4 5 7 8
2599743906442500348 8585213332375982631 8636133684865567129 20851520175554485 1227746968571645256 7072695389548640463 8882107306296053967 5054926464166718896 8223099607109055810 368947210900133537
3 4 5 7 8 9
3 4 8
1 2 4 5 6 7 8 9 10
1 2 3 5 6 7 8 9
1 3 4 6 7 8 10
3 4 5 8 9
1 3 4 5 8 10
1 2 3 4 5 6 7 9 10
1 3 4 6 8
3 5 7 8
5105211857272445983 8224168249121176344 1621219425328253346 5623779788597461418 7958571647504829987 554266401588979919 251963803859850361 3053793953086682438 3004852006798847100 306881654373164884
2 4 10 8
1 4 7 8 10
9 6 8
1 2 10 8
10 8
9 10 3 8
2 8
1 2 3 4 5 6 7 9 10
10 3 6 8
1 2 4 5 6 8 9
7981962047333666402 263542995699032223 6652774307398961060 2428536686439719399 7853798145155454019 8561559952110849073 965893085832715065 499734930822286994 1929552405551882255 10316850085665603
9 3 6 8
9 10 7
1 7 8
6
7 8
1 4
2 3 5
1 3 5
1 2
2
4062457353289030605 3987107202224250308 5907598301582516772 6951115830434999628 5392028211381058407 6832182428344880171 8389607788486809896 54624157373845333 6092674918330791763 2171976601783400321
5 7 8
10 4 8
4 8
2 3 8
1 9 8
7 8
1 10 6
1 2 3 4 5 6 10
10 5
9 2 7 8
4946561438727430411 7394534526428133014 864779059722898426 7786632725134392702 4214668167043352933 7584081440862148346 2073221800124748592 5837745287597729390 4420413768573106296 4296757570755487752
9 6
4 5 7 8 9
9 10 4 8
2 3 5 6 7 8 9 10
9 2 4 10
1 9 4 10
9 2 4
9 2 3 4
1 2 3 4 5 6 7 8 10
3 4 5 6 9
6967216603422009058 7482007321500655468 2206231915482175103 2876944337915782614 3920494669293965686 607642147796715233 3322642738761009574 5003675468712215128 7675304260923554892 7567352754987591656
9 10 4 7
9
9
1 10 5 6
4 6
4 5 7 8
1 6 8 9 10
6 7
1 2 3 7
1 4 7
782950916029250787 2913337426127967168 6728740034152261640 2734676893488785040 8005326206215434774 8858274545587007991 1743021159590417266 2602577536284454016 5629200562839477799 4724913222280525759
10 2
1 3 4 5 6 7 8 9 10
2 10
2 8
2 7 8 9 10
2 8
2 5 8
2 4 5 6 7
2 5
1 2 3 5
7258904430140435871 7081866481081222195 587512010657748518 6555276602852928967 5629382409613416528 2615676956032957736 8095397638144590616 3197729933803981389 5258510252599194112 3804837216302658323
2 5 6 7 8
1 10 4 8
10 6
2 6 8
1 9 10 8
1 3 4 8 9 10
1 9 10 8
1 2 4 5 6 7 10
10 5 6 7
2 3 5 6 7 8 9
7985598058977556928 4402772415021246153 5590845411338641414 5770362709136937865 1850809217348505989 7234829748361588980 3713098437417525510 8461097854866180662 4827455674324476699 5923775245377789469
2 3 6 7 10
1 3 4 5 6 7 8 9 10
1 2 4 6 8 10
2 3 8 9 10
2 6 10
1 2 3 5 8 10
1 2 10
2 3 4 6 10
2 4 10
1 2 3 4 5 6 7 8 9
1681412115063111639 8289763090485545249 8119960588283548636 3020489478449239556 6385309388526506946 4360916351395399993 3263950717193941482 8474750377931070148 974201033694695276 5848559089209275152
2 3 5 6 8 9 10
1 5 6 8
1 4 5 8 10
3 5 6 7 8 9 10
1 2 3 4 6 7 8 9 10
1 2 4 5 8 9 10
4 5 8
1 2 3 4 5 6 7 9 10
1 4 5 6 8
1 3 4 5 6 8
5141296856533743458 2614937947419241510 8015207538204347471 1389614928691427985 6750442070308761647 8884872827433039007 6973143453190031796 3859800852923732847 5978685032068026424 7414708394232031291
10 4
4 7 8
9 10 4
1 2 3 5 6 7 9 10
9 4 8
9 4
2 4 8
9 2 5 7
3 4 5 6 8
1 3 4
367368012617828199 3088279031474245165 693944923662519846 3329669256946019114 3143074057561595420 6868418226212748092 5912474841723287956 3125999711294216454 4441831577539395778 423593997337431336
2 5 10 8
1 3 5 6 7 8
2 4 5 8
3 7 8
1 2 3 7 8 10
9 2 8
2 4 5 8 9 10
1 2 3 4 5 6 7 9 10
10 6 7 8
1 5 7 8 9
1013634858614190363 7508134948563175668 6198724323323850176 2327769916469519781 431319142263973217 1154133603940302947 4347947480585637098 8812815452849489007 2119444357131734312 7876435308069059334
5 7 8
3 8
9 2 6 7
10 6
1 10 6
3 4 5 7 9 10
1 3 6
1 2
10 3 6
9 4 5 6
6463822126811525953 1440569255632984901 8597296957574478287 2371793983226556557 2792905812689676049 4251121413517308273 1186300497122806713 7077763767993488845 2424126619822266109 4220084717805864161
2 4 5 6 7 8 9
1 9 7 8
9 10 5 8
1 6 8 9 10
1 3 6 7 8
1 4 5 7 8 9
1 2 5 6 8 10
1 2 3 4 5 6 7 9 10
1 2 3 4 6 8
3 4 7 8
8340563993530696001 7854542214381019212 8264014643075960547 7841371773973388870 7385066830333763079 7153746567646621882 1092132752767193927 5776534014489113408 4600501332216556551 1840163307833972048
2 4 6 7 8 10
1 3 5 6 7 8 10
2 4 6 7 8 9 10
1 3 5 6 7 8 9
2 4 6 7 8 10
1 2 3 4 5 8 9 10
1 2 3 4 5 8 9 10
1 2 3 4 5 6 7 10
3 4 6 7
1 2 3 5 6 7 8
3335087277124925450 4856005952729067887 4451175663062674171 6573240317742066357 5165325934783953204 7388354901067853757 3567952440371560872 3052599446408319079 7151055461612848089 4840933147558291870
6 7 8
3 5 6 7 10
2 5 10
10 6
2 3 10 7
1 2 4 7 9
1 2 5 6 8 9 10
1 10 7
6 7
2 3 4 5 7 8
1322022328142672308 6722422695039277476 7447014375005988666 5894574251909751763 5583921936604375869 5477749892731806820 6133197750889017575 6975991328144931890 4977068432153386430 640850872515788488
3 4 6 7 8
9 10 5 7
1 5
1 6 7 8 9 10
2 3
1 4 8 9 10
1 2 4 10
1 4 6
2 4 6 10
2 4 6 7 9
7684557472576350917 2351949304073842336 3035599551447734776 2720016188399660866 8750147229116189346 7983518895520336623 5767438160301141643 8589286298067585683 5636538230023017819 138355218866962293
2 4 5 6 7 8 10
1 3 7 8 10
2 5 7 10
1 7
1 3 8
1 7 8
1 2 3 4 6
1 2 5 6 9
8
1 2 3
204694768735323013 7372350261428101471 1565394959899032775 6992467172209137972 1181085850477405288 3062500188950247704 3275815458650493643 1465101738550116641 2818662891232174129 8643369296422011036
2 3 4 5 7 8 9 10
1 3 4 6 8 9
1 2 8 9 10
1 2 6 8 9 10
1 9 7
9 2 4
1 9 5
1 2 3 4 9
1 2 3 4 5 6 7 8 10
1 9 3 4
1839186099999988473 1063398483312141176 4748678062275440903 4153348641242593222 4733307421756784374 35161757336205632 4107160353580586951 7476478036349408913 5569325726041416318 8898967964002443004
9 7 8
5
4 5 6 8 10
3 5
2 3 4 9 10
10 3 7 8
1 6 8
1 3 6 7 10
1 5
3 5 6 8
1454475570925384392 1551111757416317981 1744888798539887671 5127476318695380870 1988148459001450219 6540457221781721676 8960353387899903704 6222990897654275061 5961830725368185133 6304634180670007144
5 6 8
9 3 4 5
2 4 5 6 9
2 3 5 6 7 9
1 2 3 4 6
1 3 4 5 9 10
4
1 10
2 3 4 6 10
9 6 8
249655732317720544 6861961420319690220 2425886092637798387 5313436483205140749 1848649117014242921 2653681510369457642 932782902409322428 2036539632028549685 4723439600354819554 858896770808780574
4 5 6 7 10
10 3 4 5
2 4 5 6 7 8 10
1 2 3 6 7 10
1 2 3 6 7 8 9 10
1 3 4 5 7 8 9 10
1 3 4 5 6 9 10
3 5 6 9 10
5 6 7 8 10
1 2 3 4 5 6 7 8 9
2887535027418150992 6155134820747599629 6247471392055522665 3238855798353841137 7866326879269596206 2390746799271554415 5533806246843443459 536323675689709962 610250482258416535 4593091338514732189
2 3 4 5 6 7 8 9 10
1 3 4 5 7 9
1 2 5 6 7 9 10
1 2 5 6 7 10
1 2 3 4 6 7 8 9 10
1 3 4 5 7 8
1 2 3 4 5 6 8 9 10
1 5 6 7 9
1 2 3 5 7 8
1 3 4 5 7
8017460849335154315 8546497096927372852 4359448618327783509 8738513140204208873 1429024028647939259 3777392455245423284 5490157688557298696 2933103170947288550 1718087086634549744 1645123726440874814
5 6
10 3 4
2 4 7 8 9 10
2 3 10 7
1 10 6 7
1 10 5
3 4 5 8
3 7
3
2 3 4 5 6
8339826506095023116 8695159242100113625 4135834521614257869 5377338467374804373 8702840061185796946 4033648634839923547 2167973488550183220 3502825527815418623 1197886095200180912 4217449973166362842
10 3 6
10 3 4
1 2 4 6 8 9 10
2 3 6 10
10 6
1 3 4 5 7 8 9 10
10 6 8
3 6 7 9 10
10 3 6 8
1 2 3 4 5 6 7 8 9
2503386820561998783 2857091984067692489 432828494128507906 1493868725047227081 583911769969713350 385058348616967037 3383699312848036185 6009781911662183550 4751126109434517545 1531516319939940486
2 6 7
1 4 5 6 7 9
4 5 6 7 8 10
9 2 3 6
2 3 6 7
1 2 3 4 5 7 9
1 2 3 5 6 8 9
3 7
2 4 6 7
3
3422597085465044216 1755390044298037406 5555560988375474162 5435290213287732553 3991598619849549850 3752012319980722631 6850865037807822030 1629230912619213382 7348522407367417790 1678659343948280114
3 4 5 7 8
9 4 6
1 5 6
1 2 5 6
1 3 4 7 9 10
2 3 4
1 5
1 10
2 5
5 8
7842093785378420456 3089581662857006578 2894910939174586179 4388594944064178968 5657174993233946617 2270502041279748944 7293909132541241732 3974914209740599409 8530702082317389674 6705591191083294048
10 8 2 7
1 7
9 10 5
9 6
9 3 7 8
4 7 8
1 2 5 6
1 10 5 6
3 4 5
1 3 8
3272601448039613145 4321915315423269839 889087209868747759 5527466602910466942 2772721669662826049 2138999567998327216 5407713300539650465 2557380714310317297 1849187590730579306 4335210468962383508
3 4
9 4 8
1 4
1 2 3 5 8
10 4 6 7
9 5
5
2 4
2 6 10
9 5
2921198208678646006 7641000462895818276 4517115934112158763 6883994849633558328 1815763771723522580 8099898546861003418 385353786427428657 6115165237731393242 5189878471376371964 1013478410137416205
2 6 7 9 10
1 3 4 6 9 10
2 6 10
2 5 7 10
10 4 6 7
1 2 3 5 8 9
1 4 5 8 10
10 6 7
1 2 6 10
1 2 3 4 5 7 8 9
4354680421728410746 2110609745068335389 6162972296598376637 7276089214121303358 3309578878099246405 4431710113569717985 5478456144520444297 2255587168704310034 5123167115928348366 1997136405562011165
10 5
9 4
4 6
2 3 6 7 10
1 7
3 4 7
4 5 6 8 10
9 7
2 10 8
1 9 4 7
3569481183448733471 5567858214639509220 4717465596226729508 6895747975103400954 1311244379984756969 1868465944488402338 4003653180690610203 3927153623954956959 7359401851827682538 6055283917517050411
2 7 10
1 9 5
9 6 7
7 8
2
9 3
1 3 4
4
2 3 6 10
9 1
4915747825217891845 317879195759720158 1557538165741260261 3511770936019262584 6628735435246570606 3075530823703361231 3942041853480083565 425129042722620020 1491197433899659880 8948441214983759276
2 10
1 10 5 8
9
9 7
2 6 10
9 5
10 4
2
3 4 6
1 2 5 7
144747404066154149 2007311564533843991 490424300879040894 7000645871084900835 7626363399685202804 6886161061533672071 4585329587650827213 1957929362193157109 5368130597286060464 6230301747231540133
3 5
9 3 4
1 9 2 10
2 10
1 6
9 5
10
10
2 3 6
3 4 7 8
5913385693825333278 4473192246613255596 6666100842689904124 495704211605905567 8828122369499773188 2019180486614755681 4981683736930707841 1454951411480903196 8733988952765139078 5886046642619034748
9 4 7 8
10 4 5 6
9 10
1 2
9 2 10
2 10
1 9
1
1 3 5 7 10
2 3 5 6 9
7399987382362413823 912197904072257532 7108396594237712556 3395702247776615450 1599508006708336693 3704546323949395741 3555982535771352002 5204381992608671622 865248193627473618 2698896821979770622
5
7
4 5 6 7 9 10
3 7
1 9 3
10 3 7
2 3 4 6
9
3 5 8
3 6
